53.25	54.00	58.00	64.00	69.00	74.00	76.40	78.00	79.00	80.40	81.70
69.86	70.00	72.00	76.00	79.00	82.00   83.00	84.40	85.80	84.20	83.62
77.40	78.00	79.00	80.00	81.00	83.00	85.00	86.00   88.00	86.50	85.80
82.05	85.00	85.00	85.00	85.00	84.00	87.20	88.20	89.30	89.87	87.17
85.31	87.51	89.71	90.50	91.03	91.57	92.20	93.03	93.39	91.61	89.73
87.07	91.10	92.40	93.77	94.13	95.50	96.47	97.63	96.14	93.37	90.33
89.07	93.10	95.70	97.50	98.70	98.91	98.93	99.26	98.94	94.10	91.70
90.37	95.17	97.30	98.13	99.07	99.68	99.73	99.77	99.41	95.23	93.41
89.91	94.10	96.02	97.94	98.16	98.78	99.70	99.52	99.14	95.46	92.88
89.70	93.03	95.00	96.65	97.45	98.26	98.07	98.87	96.68	94.49	92.29
89.44	90.97	91.90	91.35	91.85	92.14	92.73	92.93	92.12	92.51	91.11
